intrinsics:
  f_x: 605.4921264648438
  f_y: 605.413818359375
  pp_x: 635.9130859375
  pp_y: 366.9967346191406
